00110100000010000000000000000111
00100000000010010000000001000000
10101101001010000010000000000000
00100001001010011111111111111100
00010001001000000000000000000101
00000000000010000101000111000000
00000001010010000101000000100001
00000000000010000100000000100010
00000001010010000100000000100110
00010000000000001111111111111000
00100000000010100000000001000000
00000000000000000110000000100001
10001101001010000010000000000000
00000001000000000101100000101011
00010101011000000000000000000001
00100001100011000000000000000001
00100001001010010000000000000100
00010101001010101111111111111010
10101100000011000010000000000000
00010000000000001111111111111111